function J = make_J()
    J = zeros(300, 300);
    J(120:170, 20:90) = 255;
end