function I = make_I()
    I = zeros(300, 300);
    I(50:100, 50:120) = 255;
end